Run semi-empirical minimization
 &qmmm
    qm_theory='AM1', grms_tol=0.0005,
 scfconv=1.d-10, ndiis_attempts=700,   qmcharge=0,
 /
  15    P1        1.1840        0.0680        0.0740 
   9    F1        1.0450       -1.4940        0.1910 
   8    O1       -0.2910        0.6010        0.4780 
   8    O2        2.2600        0.5540        1.0030 
   6    C1       -1.4210        0.1630       -0.2570 
   6    C2       -1.5270       -1.3510       -0.1570 
   6    C3       -2.6650        0.8560        0.2780 
   6    C4        1.4150        0.6030       -1.6090 
   1    H1       -1.3070        0.4560       -1.3050 
   1    H2       -2.5260       -1.6910       -0.4500 
   1    H3       -0.8290       -1.8420       -0.8410 
   1    H4       -1.3260       -1.7060        0.8590 
   1    H5       -3.5580        0.5650       -0.2830 
   1    H6       -2.5520        1.9440        0.2160 
   1    H7       -2.8210        0.6160        1.3350 
   1    H8        2.4200        0.3370       -1.9480 
   1    H9        0.7020        0.1250       -2.2860 
   1   H10        1.3020        1.6880       -1.6890 

